date,district,cum_no,daily_no
2020-04-10,Ekurhuleni,120,120
2020-04-11,Ekurhuleni,141,21
2020-04-12,Ekurhuleni,141,0
2020-04-13,Ekurhuleni,148,7
2020-04-15,Ekurhuleni,161,13
2020-04-16,Ekurhuleni,180,19
2020-04-17,Ekurhuleni,196,16
2020-04-18,Ekurhuleni,223,27
2020-04-19,Ekurhuleni,233,10
2020-04-20,Ekurhuleni,246,13
2020-04-21,Ekurhuleni,257,11
2020-04-22,Ekurhuleni,265,8
2020-04-23,Ekurhuleni,268,3
2020-04-24,Ekurhuleni,276,8
2020-04-25,Ekurhuleni,287,11
2020-04-26,Ekurhuleni,297,10
2020-04-27,Ekurhuleni,300,3
2020-04-28,Ekurhuleni,310,10
2020-04-29,Ekurhuleni,318,8
2020-04-30,Ekurhuleni,319,1
2020-05-01,Ekurhuleni,328,9
2020-05-02,Ekurhuleni,349,21
2020-05-03,Ekurhuleni,358,9
2020-05-04,Ekurhuleni,360,2
2020-05-05,Ekurhuleni,366,6
2020-05-06,Ekurhuleni,370,4
2020-05-07,Ekurhuleni,398,28
2020-05-08,Ekurhuleni,402,4
2020-05-09,Ekurhuleni,426,24
2020-05-10,Ekurhuleni,435,9
2020-05-11,Ekurhuleni,438,3
2020-05-12,Ekurhuleni,448,10
2020-05-13,Ekurhuleni,456,8
2020-05-14,Ekurhuleni,460,4
2020-05-15,Ekurhuleni,477,17
2020-05-16,Ekurhuleni,488,11
2020-05-18,Ekurhuleni,527,39
2020-05-19,Ekurhuleni,538,11
2020-05-20,Ekurhuleni,549,11
2020-05-21,Ekurhuleni,551,2
2020-05-22,Ekurhuleni,565,14
2020-05-23,Ekurhuleni,579,14
2020-05-24,Ekurhuleni,606,27
2020-05-25,Ekurhuleni,639,33
2020-05-26,Ekurhuleni,642,3
2020-05-27,Ekurhuleni,667,25
2020-05-28,Ekurhuleni,693,26
2020-05-29,Ekurhuleni,732,39
2020-05-30,Ekurhuleni,770,38
2020-05-31,Ekurhuleni,825,55
2020-06-01,Ekurhuleni,868,43
2020-06-02,Ekurhuleni,887,19
2020-06-03,Ekurhuleni,937,50
2020-06-04,Ekurhuleni,989,52
2020-06-05,Ekurhuleni,1067,78
2020-06-06,Ekurhuleni,1140,73
2020-06-07,Ekurhuleni,1206,66
2020-06-08,Ekurhuleni,1243,37
2020-06-09,Ekurhuleni,1288,45
2020-06-10,Ekurhuleni,1384,96
2020-06-11,Ekurhuleni,1525,141
2020-06-12,Ekurhuleni,1710,185
2020-06-13,Ekurhuleni,1961,251
2020-06-14,Ekurhuleni,2234,273
2020-06-15,Ekurhuleni,2443,209
2020-06-16,Ekurhuleni,2592,149
2020-06-17,Ekurhuleni,2970,378
2020-06-18,Ekurhuleni,3192,222
2020-06-19,Ekurhuleni,3492,300
2020-06-20,Ekurhuleni,3830,338
2020-06-21,Ekurhuleni,4168,338
2020-06-22,Ekurhuleni,4499,331
2020-06-23,Ekurhuleni,4857,358
2020-06-24,Ekurhuleni,5377,520
2020-06-25,Ekurhuleni,5938,561
2020-06-26,Ekurhuleni,6563,625
2020-06-27,Ekurhuleni,7196,633
2020-06-28,Ekurhuleni,7810,614
2020-06-29,Ekurhuleni,8429,619
2020-06-30,Ekurhuleni,9192,763
2020-07-01,Ekurhuleni,9845,653
2020-07-02,Ekurhuleni,10797,952
2020-07-03,Ekurhuleni,11827,1030
2020-07-04,Ekurhuleni,13075,1248
2020-07-05,Ekurhuleni,14080,1005
2020-07-06,Ekurhuleni,14848,768
2020-07-07,Ekurhuleni,15807,959
2020-07-08,Ekurhuleni,16626,819
2020-07-09,Ekurhuleni,18100,1474
2020-07-10,Ekurhuleni,19215,1115
2020-07-11,Ekurhuleni,20617,1402
2020-07-12,Ekurhuleni,21810,1193
2020-07-13,Ekurhuleni,23218,1408
2020-07-14,Ekurhuleni,23767,549
2020-07-15,Ekurhuleni,24948,1181
2020-07-16,Ekurhuleni,26258,1310
2020-07-17,Ekurhuleni,27534,1276
2020-07-18,Ekurhuleni,28686,1152
2020-07-19,Ekurhuleni,29887,1201
2020-04-10,Johannesburg,446,446
2020-04-11,Johannesburg,467,21
2020-04-12,Johannesburg,508,41
2020-04-13,Johannesburg,551,43
2020-04-15,Johannesburg,558,7
2020-04-16,Johannesburg,575,17
2020-04-17,Johannesburg,599,24
2020-04-18,Johannesburg,660,61
2020-04-19,Johannesburg,690,30
2020-04-20,Johannesburg,698,8
2020-04-21,Johannesburg,712,14
2020-04-22,Johannesburg,726,14
2020-04-23,Johannesburg,748,22
2020-04-24,Johannesburg,764,16
2020-04-25,Johannesburg,772,8
2020-04-26,Johannesburg,788,16
2020-04-27,Johannesburg,804,16
2020-04-28,Johannesburg,811,7
2020-04-29,Johannesburg,828,17
2020-04-30,Johannesburg,840,12
2020-05-01,Johannesburg,865,25
2020-05-02,Johannesburg,920,55
2020-05-03,Johannesburg,935,15
2020-05-04,Johannesburg,954,19
2020-05-05,Johannesburg,971,17
2020-05-06,Johannesburg,979,8
2020-05-07,Johannesburg,1009,30
2020-05-08,Johannesburg,1029,20
2020-05-09,Johannesburg,1057,28
2020-05-10,Johannesburg,1079,22
2020-05-11,Johannesburg,1085,6
2020-05-12,Johannesburg,1106,21
2020-05-13,Johannesburg,1124,18
2020-05-14,Johannesburg,1153,29
2020-05-15,Johannesburg,1179,26
2020-05-16,Johannesburg,1195,16
2020-05-18,Johannesburg,1204,9
2020-05-19,Johannesburg,1214,10
2020-05-20,Johannesburg,1238,24
2020-05-21,Johannesburg,1273,35
2020-05-22,Johannesburg,1313,40
2020-05-23,Johannesburg,1342,29
2020-05-24,Johannesburg,1385,43
2020-05-25,Johannesburg,1453,68
2020-05-26,Johannesburg,1467,14
2020-05-27,Johannesburg,1496,29
2020-05-28,Johannesburg,1556,60
2020-05-29,Johannesburg,1667,111
2020-05-30,Johannesburg,1762,95
2020-05-31,Johannesburg,1856,94
2020-06-01,Johannesburg,1956,100
2020-06-02,Johannesburg,2016,60
2020-06-03,Johannesburg,2175,159
2020-06-04,Johannesburg,2319,144
2020-06-05,Johannesburg,2517,198
2020-06-06,Johannesburg,2732,215
2020-06-07,Johannesburg,2889,157
2020-06-08,Johannesburg,3025,136
2020-06-09,Johannesburg,3166,141
2020-06-10,Johannesburg,3546,380
2020-06-11,Johannesburg,3906,360
2020-06-12,Johannesburg,4303,397
2020-06-13,Johannesburg,4885,582
2020-06-14,Johannesburg,5545,660
2020-06-15,Johannesburg,6071,526
2020-06-16,Johannesburg,6514,443
2020-06-17,Johannesburg,7229,715
2020-06-18,Johannesburg,7899,670
2020-06-19,Johannesburg,8575,676
2020-06-20,Johannesburg,9322,747
2020-06-21,Johannesburg,10320,998
2020-06-22,Johannesburg,11079,759
2020-06-23,Johannesburg,11962,883
2020-06-24,Johannesburg,12892,930
2020-06-25,Johannesburg,14182,1290
2020-06-26,Johannesburg,15363,1181
2020-06-27,Johannesburg,16712,1349
2020-06-28,Johannesburg,18006,1294
2020-06-29,Johannesburg,19529,1523
2020-06-30,Johannesburg,20918,1389
2020-07-01,Johannesburg,22388,1470
2020-07-02,Johannesburg,24244,1856
2020-07-03,Johannesburg,26293,2049
2020-07-04,Johannesburg,28600,2307
2020-07-05,Johannesburg,30404,1804
2020-07-06,Johannesburg,31979,1575
2020-07-07,Johannesburg,33750,1771
2020-07-08,Johannesburg,35040,1290
2020-07-09,Johannesburg,38045,3005
2020-07-10,Johannesburg,40233,2188
2020-07-11,Johannesburg,42715,2482
2020-07-12,Johannesburg,44945,2230
2020-07-13,Johannesburg,46882,1937
2020-07-14,Johannesburg,48314,1432
2020-07-15,Johannesburg,50364,2050
2020-07-16,Johannesburg,52289,1925
2020-07-17,Johannesburg,54428,2139
2020-07-18,Johannesburg,56442,2014
2020-07-19,Johannesburg,58301,1859
2020-04-10,Sedibeng,6,6
2020-04-11,Sedibeng,6,0
2020-04-12,Sedibeng,8,2
2020-04-13,Sedibeng,9,1
2020-04-15,Sedibeng,8,-1
2020-04-16,Sedibeng,8,0
2020-04-17,Sedibeng,10,2
2020-04-18,Sedibeng,10,0
2020-04-19,Sedibeng,11,1
2020-04-20,Sedibeng,11,0
2020-04-21,Sedibeng,11,0
2020-04-22,Sedibeng,11,0
2020-04-23,Sedibeng,13,2
2020-04-24,Sedibeng,15,2
2020-04-25,Sedibeng,15,0
2020-04-26,Sedibeng,15,0
2020-04-27,Sedibeng,15,0
2020-04-28,Sedibeng,15,0
2020-04-29,Sedibeng,16,1
2020-04-30,Sedibeng,16,0
2020-05-01,Sedibeng,18,2
2020-05-02,Sedibeng,19,1
2020-05-03,Sedibeng,21,2
2020-05-04,Sedibeng,21,0
2020-05-05,Sedibeng,21,0
2020-05-06,Sedibeng,21,0
2020-05-07,Sedibeng,21,0
2020-05-08,Sedibeng,22,1
2020-05-09,Sedibeng,22,0
2020-05-10,Sedibeng,26,4
2020-05-11,Sedibeng,26,0
2020-05-12,Sedibeng,26,0
2020-05-13,Sedibeng,28,2
2020-05-14,Sedibeng,31,3
2020-05-15,Sedibeng,38,7
2020-05-16,Sedibeng,39,1
2020-05-18,Sedibeng,39,0
2020-05-19,Sedibeng,40,1
2020-05-20,Sedibeng,43,3
2020-05-21,Sedibeng,43,0
2020-05-22,Sedibeng,43,0
2020-05-23,Sedibeng,45,2
2020-05-24,Sedibeng,49,4
2020-05-25,Sedibeng,52,3
2020-05-26,Sedibeng,64,12
2020-05-27,Sedibeng,68,4
2020-05-28,Sedibeng,75,7
2020-05-29,Sedibeng,92,17
2020-05-30,Sedibeng,93,1
2020-05-31,Sedibeng,97,4
2020-06-01,Sedibeng,98,1
2020-06-02,Sedibeng,101,3
2020-06-03,Sedibeng,108,7
2020-06-04,Sedibeng,112,4
2020-06-05,Sedibeng,120,8
2020-06-06,Sedibeng,127,7
2020-06-07,Sedibeng,135,8
2020-06-08,Sedibeng,137,2
2020-06-09,Sedibeng,139,2
2020-06-10,Sedibeng,162,23
2020-06-11,Sedibeng,183,21
2020-06-12,Sedibeng,208,25
2020-06-13,Sedibeng,235,27
2020-06-14,Sedibeng,290,55
2020-06-15,Sedibeng,339,49
2020-06-16,Sedibeng,369,30
2020-06-17,Sedibeng,434,65
2020-06-18,Sedibeng,497,63
2020-06-19,Sedibeng,555,58
2020-06-20,Sedibeng,606,51
2020-06-21,Sedibeng,675,69
2020-06-22,Sedibeng,736,61
2020-06-23,Sedibeng,804,68
2020-06-24,Sedibeng,861,57
2020-06-25,Sedibeng,977,116
2020-06-26,Sedibeng,1108,131
2020-06-27,Sedibeng,1207,99
2020-06-28,Sedibeng,1333,126
2020-06-29,Sedibeng,1500,167
2020-06-30,Sedibeng,1649,149
2020-07-01,Sedibeng,1769,120
2020-07-02,Sedibeng,1919,150
2020-07-03,Sedibeng,2154,235
2020-07-04,Sedibeng,2370,216
2020-07-05,Sedibeng,2528,158
2020-07-06,Sedibeng,2748,220
2020-07-07,Sedibeng,3120,372
2020-07-08,Sedibeng,3400,280
2020-07-09,Sedibeng,3888,488
2020-07-10,Sedibeng,4285,397
2020-07-11,Sedibeng,4640,355
2020-07-12,Sedibeng,5023,383
2020-07-13,Sedibeng,5425,402
2020-07-14,Sedibeng,5839,414
2020-07-15,Sedibeng,6269,430
2020-07-16,Sedibeng,6629,360
2020-07-17,Sedibeng,7093,464
2020-07-18,Sedibeng,7440,347
2020-07-19,Sedibeng,7906,466
2020-04-10,Tshwane,90,90
2020-04-11,Tshwane,92,2
2020-04-12,Tshwane,101,9
2020-04-13,Tshwane,100,-1
2020-04-15,Tshwane,104,4
2020-04-16,Tshwane,109,5
2020-04-17,Tshwane,110,1
2020-04-18,Tshwane,117,7
2020-04-19,Tshwane,122,5
2020-04-20,Tshwane,122,0
2020-04-21,Tshwane,125,3
2020-04-22,Tshwane,127,2
2020-04-23,Tshwane,127,0
2020-04-24,Tshwane,129,2
2020-04-25,Tshwane,132,3
2020-04-26,Tshwane,133,1
2020-04-27,Tshwane,136,3
2020-04-28,Tshwane,144,8
2020-04-29,Tshwane,149,5
2020-04-30,Tshwane,172,23
2020-05-01,Tshwane,187,15
2020-05-02,Tshwane,201,14
2020-05-03,Tshwane,201,0
2020-05-04,Tshwane,211,10
2020-05-05,Tshwane,224,13
2020-05-06,Tshwane,235,11
2020-05-07,Tshwane,258,23
2020-05-08,Tshwane,278,20
2020-05-09,Tshwane,283,5
2020-05-10,Tshwane,285,2
2020-05-11,Tshwane,293,8
2020-05-12,Tshwane,299,6
2020-05-13,Tshwane,304,5
2020-05-14,Tshwane,310,6
2020-05-15,Tshwane,322,12
2020-05-16,Tshwane,324,2
2020-05-18,Tshwane,341,17
2020-05-19,Tshwane,336,-5
2020-05-20,Tshwane,344,8
2020-05-21,Tshwane,352,8
2020-05-22,Tshwane,361,9
2020-05-23,Tshwane,366,5
2020-05-24,Tshwane,384,18
2020-05-25,Tshwane,399,15
2020-05-26,Tshwane,412,13
2020-05-27,Tshwane,420,8
2020-05-28,Tshwane,436,16
2020-05-29,Tshwane,457,21
2020-05-30,Tshwane,474,17
2020-05-31,Tshwane,491,17
2020-06-01,Tshwane,512,21
2020-06-02,Tshwane,536,24
2020-06-03,Tshwane,570,34
2020-06-04,Tshwane,614,44
2020-06-05,Tshwane,660,46
2020-06-06,Tshwane,709,49
2020-06-07,Tshwane,762,53
2020-06-08,Tshwane,811,49
2020-06-09,Tshwane,865,54
2020-06-10,Tshwane,960,95
2020-06-11,Tshwane,1071,111
2020-06-12,Tshwane,1219,148
2020-06-13,Tshwane,1385,166
2020-06-14,Tshwane,1543,158
2020-06-15,Tshwane,1710,167
2020-06-16,Tshwane,1853,143
2020-06-17,Tshwane,2116,263
2020-06-18,Tshwane,2357,241
2020-06-19,Tshwane,2572,215
2020-06-20,Tshwane,2891,319
2020-06-21,Tshwane,3166,275
2020-06-22,Tshwane,3399,233
2020-06-23,Tshwane,3660,261
2020-06-24,Tshwane,4059,399
2020-06-25,Tshwane,4439,380
2020-06-26,Tshwane,4816,377
2020-06-27,Tshwane,5381,565
2020-06-28,Tshwane,5769,388
2020-06-29,Tshwane,6184,415
2020-06-30,Tshwane,6659,475
2020-07-01,Tshwane,7235,576
2020-07-02,Tshwane,7895,660
2020-07-03,Tshwane,8662,767
2020-07-04,Tshwane,9394,732
2020-07-05,Tshwane,10074,680
2020-07-06,Tshwane,10538,464
2020-07-07,Tshwane,11481,943
2020-07-08,Tshwane,12216,735
2020-07-09,Tshwane,13246,1030
2020-07-10,Tshwane,14475,1229
2020-07-11,Tshwane,15634,1159
2020-07-12,Tshwane,16701,1067
2020-07-13,Tshwane,17695,994
2020-07-14,Tshwane,18269,574
2020-07-15,Tshwane,19664,1395
2020-07-16,Tshwane,20799,1135
2020-07-17,Tshwane,21929,1130
2020-07-18,Tshwane,23013,1084
2020-07-19,Tshwane,24036,1023
2020-04-10,WestRand,12,12
2020-04-11,WestRand,30,18
2020-04-12,WestRand,30,0
2020-04-13,WestRand,35,5
2020-04-15,WestRand,35,0
2020-04-16,WestRand,35,0
2020-04-17,WestRand,35,0
2020-04-18,WestRand,38,3
2020-04-19,WestRand,39,1
2020-04-20,WestRand,39,0
2020-04-21,WestRand,40,1
2020-04-22,WestRand,41,1
2020-04-23,WestRand,42,1
2020-04-24,WestRand,42,0
2020-04-25,WestRand,42,0
2020-04-26,WestRand,43,1
2020-04-27,WestRand,43,0
2020-04-28,WestRand,43,0
2020-04-29,WestRand,43,0
2020-04-30,WestRand,44,1
2020-05-01,WestRand,45,1
2020-05-02,WestRand,45,0
2020-05-03,WestRand,45,0
2020-05-04,WestRand,51,6
2020-05-05,WestRand,51,0
2020-05-06,WestRand,51,0
2020-05-07,WestRand,54,3
2020-05-08,WestRand,55,1
2020-05-09,WestRand,56,1
2020-05-10,WestRand,61,5
2020-05-11,WestRand,61,0
2020-05-12,WestRand,64,3
2020-05-13,WestRand,64,0
2020-05-14,WestRand,67,3
2020-05-15,WestRand,68,1
2020-05-16,WestRand,71,3
2020-05-18,WestRand,71,0
2020-05-19,WestRand,71,0
2020-05-20,WestRand,72,1
2020-05-21,WestRand,77,5
2020-05-22,WestRand,79,2
2020-05-23,WestRand,86,7
2020-05-24,WestRand,111,25
2020-05-25,WestRand,282,171
2020-05-26,WestRand,286,4
2020-05-27,WestRand,290,4
2020-05-28,WestRand,306,16
2020-05-29,WestRand,312,6
2020-05-30,WestRand,323,11
2020-05-31,WestRand,346,23
2020-06-01,WestRand,373,27
2020-06-02,WestRand,387,14
2020-06-03,WestRand,411,24
2020-06-04,WestRand,436,25
2020-06-05,WestRand,458,22
2020-06-06,WestRand,510,52
2020-06-07,WestRand,539,29
2020-06-08,WestRand,570,31
2020-06-09,WestRand,584,14
2020-06-10,WestRand,627,43
2020-06-11,WestRand,681,54
2020-06-12,WestRand,735,54
2020-06-13,WestRand,797,62
2020-06-14,WestRand,852,55
2020-06-15,WestRand,912,60
2020-06-16,WestRand,955,43
2020-06-17,WestRand,1061,106
2020-06-18,WestRand,1130,69
2020-06-19,WestRand,1225,95
2020-06-20,WestRand,1330,105
2020-06-21,WestRand,1439,109
2020-06-22,WestRand,1549,110
2020-06-23,WestRand,1641,92
2020-06-24,WestRand,1758,117
2020-06-25,WestRand,1897,139
2020-06-26,WestRand,2080,183
2020-06-27,WestRand,2247,167
2020-06-28,WestRand,2375,128
2020-06-29,WestRand,2536,161
2020-06-30,WestRand,2744,208
2020-07-01,WestRand,2902,158
2020-07-02,WestRand,3160,258
2020-07-03,WestRand,3379,219
2020-07-04,WestRand,3706,327
2020-07-05,WestRand,3948,242
2020-07-06,WestRand,4286,338
2020-07-07,WestRand,4625,339
2020-07-08,WestRand,4827,202
2020-07-09,WestRand,5266,439
2020-07-10,WestRand,5640,374
2020-07-11,WestRand,6078,438
2020-07-12,WestRand,6483,405
2020-07-13,WestRand,6903,420
2020-07-14,WestRand,7121,218
2020-07-15,WestRand,7532,411
2020-07-16,WestRand,7871,339
2020-07-17,WestRand,8232,361
2020-07-18,WestRand,8531,299
2020-07-19,WestRand,8835,304
2020-04-10,Unknown,127,127
2020-04-11,Unknown,77,-50
2020-04-12,Unknown,77,0
2020-04-13,Unknown,66,-11
2020-04-15,Unknown,64,-2
2020-04-16,Unknown,62,-2
2020-04-17,Unknown,68,6
2020-04-18,Unknown,53,-15
2020-04-19,Unknown,53,0
2020-04-20,Unknown,54,1
2020-04-21,Unknown,54,0
2020-04-22,Unknown,54,0
2020-04-23,Unknown,54,0
2020-04-24,Unknown,55,1
2020-04-25,Unknown,56,1
2020-04-26,Unknown,55,-1
2020-04-27,Unknown,55,0
2020-04-28,Unknown,54,-1
2020-04-29,Unknown,54,0
2020-04-30,Unknown,55,1
2020-05-01,Unknown,64,9
2020-05-02,Unknown,64,0
2020-05-03,Unknown,64,0
2020-05-04,Unknown,64,0
2020-05-05,Unknown,64,0
2020-05-06,Unknown,64,0
2020-05-07,Unknown,64,0
2020-05-08,Unknown,65,1
2020-05-09,Unknown,66,1
2020-05-10,Unknown,66,0
2020-05-11,Unknown,68,2
2020-05-12,Unknown,71,3
2020-05-13,Unknown,98,27
2020-05-14,Unknown,114,16
2020-05-15,Unknown,126,12
2020-05-16,Unknown,145,19
2020-05-18,Unknown,161,16
2020-05-19,Unknown,162,1
2020-05-20,Unknown,154,-8
2020-05-21,Unknown,157,3
2020-05-22,Unknown,160,3
2020-05-23,Unknown,215,55
2020-05-24,Unknown,238,23
2020-05-25,Unknown,168,-70
2020-05-26,Unknown,172,4
2020-05-27,Unknown,226,54
2020-05-28,Unknown,263,37
2020-05-29,Unknown,323,60
2020-05-30,Unknown,351,28
2020-05-31,Unknown,388,37
2020-06-01,Unknown,424,36
2020-06-02,Unknown,349,-75
2020-06-03,Unknown,366,17
2020-06-04,Unknown,369,3
2020-06-05,Unknown,393,24
2020-06-06,Unknown,408,15
2020-06-07,Unknown,415,7
2020-06-08,Unknown,472,57
2020-06-09,Unknown,504,32
2020-06-10,Unknown,516,12
2020-06-11,Unknown,587,71
2020-06-12,Unknown,606,19
2020-06-13,Unknown,634,28
2020-06-14,Unknown,700,66
2020-06-15,Unknown,718,18
2020-06-16,Unknown,740,22
2020-06-17,Unknown,810,70
2020-06-18,Unknown,823,13
2020-06-19,Unknown,842,19
2020-06-20,Unknown,999,157
2020-06-21,Unknown,1054,55
2020-06-22,Unknown,1079,25
2020-06-23,Unknown,1117,38
2020-06-24,Unknown,1209,92
2020-06-25,Unknown,1313,104
2020-06-26,Unknown,1414,101
2020-06-27,Unknown,1542,128
2020-06-28,Unknown,1602,60
2020-06-29,Unknown,1663,61
2020-06-30,Unknown,1719,56
2020-07-01,Unknown,1805,86
2020-07-02,Unknown,1922,117
2020-07-03,Unknown,2016,94
2020-07-04,Unknown,2228,212
2020-07-05,Unknown,2370,142
2020-07-06,Unknown,2492,122
2020-07-07,Unknown,2705,213
2020-07-08,Unknown,2906,201
2020-07-09,Unknown,3001,95
2020-07-10,Unknown,3185,184
2020-07-11,Unknown,3360,175
2020-07-12,Unknown,3469,109
2020-07-13,Unknown,3590,121
2020-07-14,Unknown,3760,170
2020-07-15,Unknown,3937,177
2020-07-16,Unknown,4046,109
2020-07-17,Unknown,4192,146
2020-07-18,Unknown,4492,300
2020-07-19,Unknown,4652,160
